00:27:09:17:69:B6
error 0.4496939294392353
dest [[0.355263, -0.0518519], [0.644737, -0.0518519], [0.710526, 1.02963], [0.289474, 1.02963]]
source [(-0.12760416666666666, -0.4192708333333333), (0.057291666666666664, -0.421875), (0.09505208333333333, -0.022135416666666668), (-0.16666666666666666, -0.024739583333333332)]
error 0.4574440327428755
dest [[0.355263, -0.0518519], [0.644737, -0.0518519], [0.710526, 1.02963], [0.289474, 1.02963]]
source [(-0.11848958333333333, -0.3736979166666667), (0.06380208333333333, -0.3763020833333333), (0.10026041666666667, 0.022135416666666668), (-0.16276041666666666, 0.015625)]
error 0.45851666303112876
dest [[0.355263, -0.0518519], [0.644737, -0.0518519], [0.710526, 1.02963], [0.289474, 1.02963]]
source [(-0.109375, -0.3255208333333333), (0.07291666666666667, -0.3229166666666667), (0.09895833333333333, 0.07421875), (-0.16276041666666666, 0.059895833333333336)]
error 0.45845636321988453
dest [[0.355263, -0.0518519], [0.644737, -0.0518519], [0.710526, 1.02963], [0.289474, 1.02963]]
source [(-0.09114583333333333, -0.24739583333333334), (0.08984375, -0.2421875), (0.11328125, 0.15234375), (-0.15104166666666666, 0.13671875)]
error 0.4534906090055618
dest [[0.355263, -0.0518519], [0.644737, -0.0518519], [0.710526, 1.02963], [0.289474, 1.02963]]
source [(-0.08072916666666667, -0.2109375), (0.1015625, -0.20442708333333334), (0.125, 0.18619791666666666), (-0.13802083333333334, 0.17317708333333334)]
error 0.4610112637095843
dest [[0.355263, -0.0518519], [0.644737, -0.0518519], [0.710526, 1.02963], [0.289474, 1.02963]]
source [(-0.08203125, -0.203125), (0.10026041666666667, -0.19791666666666666), (0.12369791666666667, 0.19401041666666666), (-0.140625, 0.17838541666666666)]
error 0.4599678209723257
dest [[0.355263, -0.0518519], [0.644737, -0.0518519], [0.710526, 1.02963], [0.289474, 1.02963]]
source [(-0.0859375, -0.19661458333333334), (0.09375, -0.19010416666666666), (0.1171875, 0.20442708333333334), (-0.1484375, 0.18619791666666666)]
error 0.4569280680742372
dest [[0.355263, -0.0518519], [0.644737, -0.0518519], [0.710526, 1.02963], [0.289474, 1.02963]]
source [(-0.08463541666666667, -0.19010416666666666), (0.09505208333333333, -0.18229166666666666), (0.11588541666666667, 0.21223958333333334), (-0.14713541666666666, 0.19270833333333334)]
error 0.4625209054131523
dest [[0.355263, -0.0518519], [0.644737, -0.0518519], [0.710526, 1.02963], [0.289474, 1.02963]]
source [(-0.08463541666666667, -0.19270833333333334), (0.09505208333333333, -0.18880208333333334), (0.1171875, 0.20442708333333334), (-0.14713541666666666, 0.18880208333333334)]
error 0.4608395795693343
dest [[0.355263, -0.0518519], [0.644737, -0.0518519], [0.710526, 1.02963], [0.289474, 1.02963]]
source [(-0.09505208333333333, -0.203125), (0.08463541666666667, -0.20052083333333334), (0.11328125, 0.19270833333333334), (-0.15364583333333334, 0.18098958333333334)]
error 0.46644093625414923
dest [[0.355263, -0.0518519], [0.644737, -0.0518519], [0.710526, 1.02963], [0.289474, 1.02963]]
source [(-0.10026041666666667, -0.21614583333333334), (0.08072916666666667, -0.21484375), (0.109375, 0.17708333333333334), (-0.15625, 0.1640625)]
error 0.45994138456173633
dest [[0.355263, -0.0518519], [0.644737, -0.0518519], [0.710526, 1.02963], [0.289474, 1.02963]]
source [(-0.09375, -0.22395833333333334), (0.08723958333333333, -0.22135416666666666), (0.11588541666666667, 0.17057291666666666), (-0.1484375, 0.15885416666666666)]
error 0.46422083095416566
dest [[0.355263, -0.0518519], [0.644737, -0.0518519], [0.710526, 1.02963], [0.289474, 1.02963]]
source [(-0.07552083333333333, -0.24479166666666666), (0.10546875, -0.24348958333333334), (0.13411458333333334, 0.14973958333333334), (-0.13020833333333334, 0.13671875)]
error 0.4565266226341696
dest [[0.355263, -0.0518519], [0.644737, -0.0518519], [0.710526, 1.02963], [0.289474, 1.02963]]
source [(-0.07161458333333333, -0.2630208333333333), (0.109375, -0.2604166666666667), (0.13802083333333334, 0.13020833333333334), (-0.12369791666666667, 0.11979166666666667)]
error 0.46116995565398095
dest [[0.355263, -0.0518519], [0.644737, -0.0518519], [0.710526, 1.02963], [0.289474, 1.02963]]
source [(-0.08072916666666667, -0.27734375), (0.1015625, -0.27734375), (0.13151041666666666, 0.11588541666666667), (-0.13020833333333334, 0.10546875)]
error 0.4604472794733741
dest [[0.355263, -0.0518519], [0.644737, -0.0518519], [0.710526, 1.02963], [0.289474, 1.02963]]
source [(-0.078125, -0.2799479166666667), (0.10286458333333333, -0.2799479166666667), (0.13541666666666666, 0.11197916666666667), (-0.12760416666666666, 0.10286458333333333)]
error 0.46110233388411176
dest [[0.355263, -0.0518519], [0.644737, -0.0518519], [0.710526, 1.02963], [0.289474, 1.02963]]
source [(-0.078125, -0.2799479166666667), (0.10416666666666667, -0.2799479166666667), (0.13541666666666666, 0.11197916666666667), (-0.12760416666666666, 0.10286458333333333)]
error 0.45637886772394853
dest [[0.355263, -0.0518519], [0.644737, -0.0518519], [0.710526, 1.02963], [0.289474, 1.02963]]
source [(-0.08072916666666667, -0.2838541666666667), (0.10026041666666667, -0.28125), (0.13151041666666666, 0.11197916666666667), (-0.1328125, 0.1015625)]
error 0.46096004752327624
dest [[0.355263, -0.0518519], [0.644737, -0.0518519], [0.710526, 1.02963], [0.289474, 1.02963]]
source [(-0.07942708333333333, -0.28125), (0.1015625, -0.2786458333333333), (0.13020833333333334, 0.11458333333333333), (-0.13411458333333334, 0.1015625)]
error 0.4594521068509072
dest [[0.355263, -0.0518519], [0.644737, -0.0518519], [0.710526, 1.02963], [0.289474, 1.02963]]
source [(-0.07942708333333333, -0.2760416666666667), (0.10416666666666667, -0.2734375), (0.12760416666666666, 0.12109375), (-0.13411458333333334, 0.10807291666666667)]
error 0.4597782981643556
dest [[0.355263, -0.0518519], [0.644737, -0.0518519], [0.710526, 1.02963], [0.289474, 1.02963]]
source [(-0.07942708333333333, -0.2747395833333333), (0.10286458333333333, -0.2721354166666667), (0.12760416666666666, 0.12109375), (-0.13411458333333334, 0.10807291666666667)]
error 0.45575820119432964
dest [[0.355263, -0.0518519], [0.644737, -0.0518519], [0.710526, 1.02963], [0.289474, 1.02963]]
source [(-0.078125, -0.27734375), (0.10416666666666667, -0.2734375), (0.12760416666666666, 0.12109375), (-0.13411458333333334, 0.10807291666666667)]
error 0.45733622584464556
dest [[0.355263, -0.0518519], [0.644737, -0.0518519], [0.710526, 1.02963], [0.289474, 1.02963]]
source [(-0.07552083333333333, -0.2786458333333333), (0.10546875, -0.2747395833333333), (0.12890625, 0.11979166666666667), (-0.1328125, 0.10546875)]
error 0.46115875857078314
dest [[0.355263, -0.0518519], [0.644737, -0.0518519], [0.710526, 1.02963], [0.289474, 1.02963]]
source [(-0.07682291666666667, -0.2799479166666667), (0.10677083333333333, -0.2760416666666667), (0.1328125, 0.1171875), (-0.13151041666666666, 0.10286458333333333)]
error 0.4606966212012649
dest [[0.355263, -0.0518519], [0.644737, -0.0518519], [0.710526, 1.02963], [0.289474, 1.02963]]
source [(-0.07552083333333333, -0.2799479166666667), (0.10677083333333333, -0.2760416666666667), (0.1328125, 0.1171875), (-0.13151041666666666, 0.10286458333333333)]
error 0.45996906114808833
dest [[0.355263, -0.0518519], [0.644737, -0.0518519], [0.710526, 1.02963], [0.289474, 1.02963]]
source [(-0.07161458333333333, -0.2786458333333333), (0.10807291666666667, -0.2760416666666667), (0.13411458333333334, 0.11848958333333333), (-0.13020833333333334, 0.10546875)]
error 0.4622882360671451
dest [[0.355263, -0.0518519], [0.644737, -0.0518519], [0.710526, 1.02963], [0.289474, 1.02963]]
source [(-0.06901041666666667, -0.2786458333333333), (0.11328125, -0.2747395833333333), (0.13541666666666666, 0.11848958333333333), (-0.12760416666666666, 0.10286458333333333)]
error 0.4583284771287575
dest [[0.355263, -0.0518519], [0.644737, -0.0518519], [0.710526, 1.02963], [0.289474, 1.02963]]
source [(-0.06640625, -0.2799479166666667), (0.11458333333333333, -0.2747395833333333), (0.13802083333333334, 0.11848958333333333), (-0.125, 0.10286458333333333)]
error 0.4641683144855137
dest [[0.355263, -0.0518519], [0.644737, -0.0518519], [0.710526, 1.02963], [0.289474, 1.02963]]
source [(-0.059895833333333336, -0.27734375), (0.12239583333333333, -0.2747395833333333), (0.14713541666666666, 0.11848958333333333), (-0.1171875, 0.10416666666666667)]
error 0.46172622782855294
dest [[0.355263, -0.0518519], [0.644737, -0.0518519], [0.710526, 1.02963], [0.289474, 1.02963]]
source [(-0.057291666666666664, -0.2799479166666667), (0.125, -0.2760416666666667), (0.15104166666666666, 0.11588541666666667), (-0.11328125, 0.1015625)]
error 0.46525201406965144
dest [[0.355263, -0.0518519], [0.644737, -0.0518519], [0.710526, 1.02963], [0.289474, 1.02963]]
source [(-0.055989583333333336, -0.2799479166666667), (0.125, -0.2786458333333333), (0.15364583333333334, 0.11328125), (-0.11067708333333333, 0.10026041666666667)]
error 0.4607721491013519
dest [[0.355263, -0.0518519], [0.644737, -0.0518519], [0.710526, 1.02963], [0.289474, 1.02963]]
source [(-0.0546875, -0.28515625), (0.12630208333333334, -0.28515625), (0.15625, 0.10807291666666667), (-0.10546875, 0.09765625)]
error 0.460489217808873
dest [[0.355263, -0.0518519], [0.644737, -0.0518519], [0.710526, 1.02963], [0.289474, 1.02963]]
source [(-0.05859375, -0.2890625), (0.125, -0.2877604166666667), (0.15625, 0.10546875), (-0.10807291666666667, 0.09505208333333333)]
error 0.46464307394141124
dest [[0.355263, -0.0518519], [0.644737, -0.0518519], [0.710526, 1.02963], [0.289474, 1.02963]]
source [(-0.061197916666666664, -0.2890625), (0.11979166666666667, -0.2916666666666667), (0.15494791666666666, 0.1015625), (-0.109375, 0.09375)]
error 0.4633823881120866
dest [[0.355263, -0.0518519], [0.644737, -0.0518519], [0.710526, 1.02963], [0.289474, 1.02963]]
source [(-0.06380208333333333, -0.2903645833333333), (0.11979166666666667, -0.2916666666666667), (0.15364583333333334, 0.10026041666666667), (-0.11067708333333333, 0.09244791666666667)]
error 0.4650516553241545
dest [[0.355263, -0.0518519], [0.644737, -0.0518519], [0.710526, 1.02963], [0.289474, 1.02963]]
source [(-0.0625, -0.2877604166666667), (0.11979166666666667, -0.2903645833333333), (0.15364583333333334, 0.1015625), (-0.109375, 0.09375)]
error 0.46350271064882603
dest [[0.355263, -0.0518519], [0.644737, -0.0518519], [0.710526, 1.02963], [0.289474, 1.02963]]
source [(-0.0625, -0.2877604166666667), (0.11848958333333333, -0.2890625), (0.15104166666666666, 0.10416666666666667), (-0.11067708333333333, 0.09375)]
error 0.4655241792237953
dest [[0.355263, -0.0518519], [0.644737, -0.0518519], [0.710526, 1.02963], [0.289474, 1.02963]]
source [(-0.0625, -0.2877604166666667), (0.11848958333333333, -0.2890625), (0.15104166666666666, 0.10416666666666667), (-0.11067708333333333, 0.09244791666666667)]
error 0.46123656380490163
dest [[0.355263, -0.0518519], [0.644737, -0.0518519], [0.710526, 1.02963], [0.289474, 1.02963]]
source [(-0.06510416666666667, -0.2903645833333333), (0.11848958333333333, -0.2903645833333333), (0.15104166666666666, 0.1015625), (-0.11197916666666667, 0.09244791666666667)]
error 0.45980915601565586
dest [[0.355263, -0.0518519], [0.644737, -0.0518519], [0.710526, 1.02963], [0.289474, 1.02963]]
source [(-0.07291666666666667, -0.2955729166666667), (0.10807291666666667, -0.296875), (0.14583333333333334, 0.09765625), (-0.11848958333333333, 0.08984375)]
error 0.4530134945491108
dest [[0.355263, -0.0518519], [0.644737, -0.0518519], [0.710526, 1.02963], [0.289474, 1.02963]]
source [(-0.07682291666666667, -0.2994791666666667), (0.10546875, -0.2981770833333333), (0.140625, 0.09375), (-0.12239583333333333, 0.08723958333333333)]
error 0.4547814316308641
dest [[0.355263, -0.0518519], [0.644737, -0.0518519], [0.710526, 1.02963], [0.289474, 1.02963]]
source [(-0.08072916666666667, -0.3033854166666667), (0.1015625, -0.3033854166666667), (0.13802083333333334, 0.08854166666666667), (-0.12369791666666667, 0.08203125)]
error 0.45828686152775977
dest [[0.355263, -0.0518519], [0.644737, -0.0518519], [0.710526, 1.02963], [0.289474, 1.02963]]
source [(-0.08333333333333333, -0.3046875), (0.09765625, -0.3072916666666667), (0.13802083333333334, 0.0859375), (-0.125, 0.08072916666666667)]
error 0.45528459938887045
dest [[0.355263, -0.0518519], [0.644737, -0.0518519], [0.710526, 1.02963], [0.289474, 1.02963]]
source [(-0.08463541666666667, -0.3059895833333333), (0.09635416666666667, -0.30859375), (0.13671875, 0.08072916666666667), (-0.12630208333333334, 0.07942708333333333)]
error 0.4560168734950966
dest [[0.355263, -0.0518519], [0.644737, -0.0518519], [0.710526, 1.02963], [0.289474, 1.02963]]
source [(-0.08333333333333333, -0.3072916666666667), (0.09765625, -0.3098958333333333), (0.13932291666666666, 0.08072916666666667), (-0.12369791666666667, 0.078125)]
error 0.46089793842160065
dest [[0.355263, -0.0518519], [0.644737, -0.0518519], [0.710526, 1.02963], [0.289474, 1.02963]]
source [(-0.08203125, -0.3072916666666667), (0.10026041666666667, -0.3111979166666667), (0.140625, 0.08072916666666667), (-0.12239583333333333, 0.07682291666666667)]
error 0.46059715522704053
dest [[0.355263, -0.0518519], [0.644737, -0.0518519], [0.710526, 1.02963], [0.289474, 1.02963]]
source [(-0.08203125, -0.3072916666666667), (0.09895833333333333, -0.3125), (0.13932291666666666, 0.07942708333333333), (-0.12239583333333333, 0.07682291666666667)]
error 0.46182489674399324
dest [[0.355263, -0.0518519], [0.644737, -0.0518519], [0.710526, 1.02963], [0.289474, 1.02963]]
source [(-0.08203125, -0.3072916666666667), (0.09895833333333333, -0.3125), (0.13932291666666666, 0.08203125), (-0.12369791666666667, 0.078125)]
error 0.45988997852293106
dest [[0.355263, -0.0518519], [0.644737, -0.0518519], [0.710526, 1.02963], [0.289474, 1.02963]]
source [(-0.07552083333333333, -0.3046875), (0.10546875, -0.30859375), (0.14322916666666666, 0.08333333333333333), (-0.11848958333333333, 0.07942708333333333)]
error 0.4575376661693112
dest [[0.355263, -0.0518519], [0.644737, -0.0518519], [0.710526, 1.02963], [0.289474, 1.02963]]
source [(-0.07421875, -0.3072916666666667), (0.109375, -0.3098958333333333), (0.14713541666666666, 0.08072916666666667), (-0.11588541666666667, 0.078125)]
error 0.4611788990280124
dest [[0.355263, -0.0518519], [0.644737, -0.0518519], [0.710526, 1.02963], [0.289474, 1.02963]]
source [(-0.07421875, -0.3098958333333333), (0.10807291666666667, -0.3138020833333333), (0.14713541666666666, 0.078125), (-0.11588541666666667, 0.07421875)]
error 0.45828079295595836
dest [[0.355263, -0.0518519], [0.644737, -0.0518519], [0.710526, 1.02963], [0.289474, 1.02963]]
source [(-0.07291666666666667, -0.31640625), (0.10807291666666667, -0.3203125), (0.14973958333333334, 0.07161458333333333), (-0.11328125, 0.06901041666666667)]
error 0.46211610863583796
dest [[0.355263, -0.0518519], [0.644737, -0.0518519], [0.710526, 1.02963], [0.289474, 1.02963]]
source [(-0.07161458333333333, -0.3177083333333333), (0.11067708333333333, -0.3229166666666667), (0.15234375, 0.0703125), (-0.11197916666666667, 0.06770833333333333)]
error 0.4605231393685759
dest [[0.355263, -0.0518519], [0.644737, -0.0518519], [0.710526, 1.02963], [0.289474, 1.02963]]
source [(-0.06770833333333333, -0.3216145833333333), (0.11328125, -0.3255208333333333), (0.15494791666666666, 0.06770833333333333), (-0.109375, 0.06380208333333333)]
error 0.4624495071486694
dest [[0.355263, -0.0518519], [0.644737, -0.0518519], [0.710526, 1.02963], [0.289474, 1.02963]]
source [(-0.06510416666666667, -0.3203125), (0.1171875, -0.32421875), (0.15494791666666666, 0.06901041666666667), (-0.10807291666666667, 0.06380208333333333)]
error 0.45695384177720927
dest [[0.355263, -0.0518519], [0.644737, -0.0518519], [0.710526, 1.02963], [0.289474, 1.02963]]
source [(-0.06380208333333333, -0.3190104166666667), (0.11848958333333333, -0.3216145833333333), (0.15625, 0.0703125), (-0.10546875, 0.06640625)]
error 0.461461728665214
dest [[0.355263, -0.0518519], [0.644737, -0.0518519], [0.710526, 1.02963], [0.289474, 1.02963]]
source [(-0.0625, -0.3177083333333333), (0.11979166666666667, -0.3216145833333333), (0.15755208333333334, 0.0703125), (-0.10546875, 0.06640625)]
error 0.46244950714866967
dest [[0.355263, -0.0518519], [0.644737, -0.0518519], [0.710526, 1.02963], [0.289474, 1.02963]]
source [(-0.06380208333333333, -0.3190104166666667), (0.11848958333333333, -0.3229166666666667), (0.15625, 0.0703125), (-0.10677083333333333, 0.06510416666666667)]
error 0.46340867987302536
dest [[0.355263, -0.0518519], [0.644737, -0.0518519], [0.710526, 1.02963], [0.289474, 1.02963]]
source [(-0.06510416666666667, -0.3203125), (0.1171875, -0.32421875), (0.15625, 0.06901041666666667), (-0.10807291666666667, 0.06380208333333333)]
error 0.46276917154596564
dest [[0.355263, -0.0518519], [0.644737, -0.0518519], [0.710526, 1.02963], [0.289474, 1.02963]]
source [(-0.06380208333333333, -0.3190104166666667), (0.11979166666666667, -0.3229166666666667), (0.15755208333333334, 0.0703125), (-0.10546875, 0.06510416666666667)]
error 0.4618149842784826
dest [[0.355263, -0.0518519], [0.644737, -0.0518519], [0.710526, 1.02963], [0.289474, 1.02963]]
source [(-0.06380208333333333, -0.3190104166666667), (0.11979166666666667, -0.3229166666666667), (0.15625, 0.0703125), (-0.10546875, 0.06510416666666667)]
error 0.46340867987302536
dest [[0.355263, -0.0518519], [0.644737, -0.0518519], [0.710526, 1.02963], [0.289474, 1.02963]]
source [(-0.06510416666666667, -0.3203125), (0.1171875, -0.32421875), (0.15625, 0.06901041666666667), (-0.10807291666666667, 0.06380208333333333)]
error 0.46271914844072537
dest [[0.355263, -0.0518519], [0.644737, -0.0518519], [0.710526, 1.02963], [0.289474, 1.02963]]
source [(-0.06770833333333333, -0.3216145833333333), (0.11588541666666667, -0.3268229166666667), (0.15494791666666666, 0.06770833333333333), (-0.10807291666666667, 0.06380208333333333)]
error 0.46665908365635206
dest [[0.355263, -0.0518519], [0.644737, -0.0518519], [0.710526, 1.02963], [0.289474, 1.02963]]
source [(-0.06770833333333333, -0.3216145833333333), (0.11458333333333333, -0.3268229166666667), (0.15364583333333334, 0.06640625), (-0.11067708333333333, 0.061197916666666664)]
error 0.4634086798730255
dest [[0.355263, -0.0518519], [0.644737, -0.0518519], [0.710526, 1.02963], [0.289474, 1.02963]]
source [(-0.06770833333333333, -0.3229166666666667), (0.11458333333333333, -0.3268229166666667), (0.15364583333333334, 0.06640625), (-0.11067708333333333, 0.061197916666666664)]
error 0.46015939086892066
dest [[0.355263, -0.0518519], [0.644737, -0.0518519], [0.710526, 1.02963], [0.289474, 1.02963]]
source [(-0.06770833333333333, -0.3229166666666667), (0.11458333333333333, -0.3255208333333333), (0.15364583333333334, 0.06770833333333333), (-0.11067708333333333, 0.0625)]
error 0.46372760595578044
dest [[0.355263, -0.0518519], [0.644737, -0.0518519], [0.710526, 1.02963], [0.289474, 1.02963]]
source [(-0.06770833333333333, -0.3216145833333333), (0.11588541666666667, -0.3255208333333333), (0.15494791666666666, 0.06770833333333333), (-0.109375, 0.0625)]
error 0.46049259264020354
dest [[0.355263, -0.0518519], [0.644737, -0.0518519], [0.710526, 1.02963], [0.289474, 1.02963]]
source [(-0.06770833333333333, -0.3216145833333333), (0.11588541666666667, -0.3255208333333333), (0.15494791666666666, 0.06770833333333333), (-0.10807291666666667, 0.06380208333333333)]
error 0.4676264351045935
dest [[0.355263, -0.0518519], [0.644737, -0.0518519], [0.710526, 1.02963], [0.289474, 1.02963]]
source [(-0.06770833333333333, -0.3216145833333333), (0.11458333333333333, -0.3268229166666667), (0.15364583333333334, 0.06770833333333333), (-0.11067708333333333, 0.061197916666666664)]
error 0.4672327937642024
dest [[0.355263, -0.0518519], [0.644737, -0.0518519], [0.710526, 1.02963], [0.289474, 1.02963]]
source [(-0.06770833333333333, -0.3229166666666667), (0.11588541666666667, -0.328125), (0.15364583333333334, 0.06510416666666667), (-0.11067708333333333, 0.059895833333333336)]
error 0.4656483177709789
dest [[0.355263, -0.0518519], [0.644737, -0.0518519], [0.710526, 1.02963], [0.289474, 1.02963]]
source [(-0.06640625, -0.3229166666666667), (0.11588541666666667, -0.328125), (0.15494791666666666, 0.06640625), (-0.109375, 0.061197916666666664)]
error 0.46340867987302564
dest [[0.355263, -0.0518519], [0.644737, -0.0518519], [0.710526, 1.02963], [0.289474, 1.02963]]
source [(-0.06770833333333333, -0.32421875), (0.11458333333333333, -0.328125), (0.15364583333333334, 0.06510416666666667), (-0.11067708333333333, 0.059895833333333336)]
error 0.45733656633676956
dest [[0.355263, -0.0518519], [0.644737, -0.0518519], [0.710526, 1.02963], [0.289474, 1.02963]]
source [(-0.0703125, -0.3268229166666667), (0.11328125, -0.328125), (0.15104166666666666, 0.06380208333333333), (-0.11197916666666667, 0.05859375)]
error 0.46467784960601255
dest [[0.355263, -0.0518519], [0.644737, -0.0518519], [0.710526, 1.02963], [0.289474, 1.02963]]
source [(-0.06770833333333333, -0.3229166666666667), (0.11458333333333333, -0.328125), (0.15364583333333334, 0.06510416666666667), (-0.11067708333333333, 0.061197916666666664)]
error 0.46113322116377653
dest [[0.355263, -0.0518519], [0.644737, -0.0518519], [0.710526, 1.02963], [0.289474, 1.02963]]
source [(-0.06770833333333333, -0.3229166666666667), (0.11458333333333333, -0.3268229166666667), (0.15494791666666666, 0.06640625), (-0.109375, 0.0625)]
error 0.4634086798730255
dest [[0.355263, -0.0518519], [0.644737, -0.0518519], [0.710526, 1.02963], [0.289474, 1.02963]]
source [(-0.06770833333333333, -0.3229166666666667), (0.11458333333333333, -0.3268229166666667), (0.15364583333333334, 0.06640625), (-0.11067708333333333, 0.061197916666666664)]
error 0.4666590836563514
dest [[0.355263, -0.0518519], [0.644737, -0.0518519], [0.710526, 1.02963], [0.289474, 1.02963]]
source [(-0.06770833333333333, -0.3229166666666667), (0.11458333333333333, -0.328125), (0.15364583333333334, 0.06510416666666667), (-0.11067708333333333, 0.059895833333333336)]
error 0.4634086798730255
dest [[0.355263, -0.0518519], [0.644737, -0.0518519], [0.710526, 1.02963], [0.289474, 1.02963]]
source [(-0.06770833333333333, -0.3229166666666667), (0.11458333333333333, -0.3268229166666667), (0.15364583333333334, 0.06640625), (-0.11067708333333333, 0.061197916666666664)]
error 0.45819624112266116
dest [[0.355263, -0.0518519], [0.644737, -0.0518519], [0.710526, 1.02963], [0.289474, 1.02963]]
source [(-0.06901041666666667, -0.3229166666666667), (0.11328125, -0.3255208333333333), (0.15104166666666666, 0.06640625), (-0.11197916666666667, 0.0625)]
error 0.456225894687812
dest [[0.355263, -0.0518519], [0.644737, -0.0518519], [0.710526, 1.02963], [0.289474, 1.02963]]
source [(-0.06901041666666667, -0.3229166666666667), (0.11328125, -0.3255208333333333), (0.14973958333333334, 0.06770833333333333), (-0.11197916666666667, 0.06380208333333333)]
error 0.462323384218213
dest [[0.355263, -0.0518519], [0.644737, -0.0518519], [0.710526, 1.02963], [0.289474, 1.02963]]
source [(-0.0703125, -0.3190104166666667), (0.11328125, -0.32421875), (0.14973958333333334, 0.06901041666666667), (-0.11328125, 0.06640625)]
error 0.4618758585487791
dest [[0.355263, -0.0518519], [0.644737, -0.0518519], [0.710526, 1.02963], [0.289474, 1.02963]]
source [(-0.07161458333333333, -0.3177083333333333), (0.109375, -0.3229166666666667), (0.1484375, 0.0703125), (-0.11328125, 0.06640625)]
error 0.4597806879549714
dest [[0.355263, -0.0518519], [0.644737, -0.0518519], [0.710526, 1.02963], [0.289474, 1.02963]]
source [(-0.07291666666666667, -0.3177083333333333), (0.11067708333333333, -0.3216145833333333), (0.1484375, 0.0703125), (-0.11458333333333333, 0.06770833333333333)]
error 0.45917767440327706
dest [[0.355263, -0.0518519], [0.644737, -0.0518519], [0.710526, 1.02963], [0.289474, 1.02963]]
source [(-0.07161458333333333, -0.31640625), (0.11067708333333333, -0.3203125), (0.14973958333333334, 0.07161458333333333), (-0.11328125, 0.06901041666666667)]
error 0.4553110037274353
dest [[0.355263, -0.0518519], [0.644737, -0.0518519], [0.710526, 1.02963], [0.289474, 1.02963]]
source [(-0.0703125, -0.31640625), (0.11328125, -0.3177083333333333), (0.15104166666666666, 0.07421875), (-0.11197916666666667, 0.0703125)]
error 0.46313536052645987
dest [[0.355263, -0.0518519], [0.644737, -0.0518519], [0.710526, 1.02963], [0.289474, 1.02963]]
source [(-0.06901041666666667, -0.3138020833333333), (0.11328125, -0.31640625), (0.15364583333333334, 0.07682291666666667), (-0.11197916666666667, 0.0703125)]
